,A,D,E,F,G,H,I,K,L,M,N,P,Q,R,S,T,V,W,Y
A,1.3124349337631305,-1.4398610051667224,-0.2777838948978871,0.8427600142367125,0.7851344984408368,-0.5362593646666001,-0.9386469896465927,-0.14477142819874084,-0.48418373290968686,0.3661231594231472,-0.4254150894806336,-0.8891853767230659,-0.017260348231263704,-0.09000481425369472,-0.11969580730001621,-0.7597889023350493,-0.6751328503784084,0.7749790151232647,-2.773560033748552
D,-1.4398610051667224,1.5152783494411635,-0.49036808205186583,-1.2688179299055604,-2.2270536808014176,0.7129924054055391,0.46445472465598986,-0.15375490107834738,-1.5181210309421855,-1.7265756629436355,-1.1099351587426893,-1.913181776085894,-1.0390027134716588,-0.8322590421280015,-1.2904399248865717,-1.0032771109959464,-0.6397806575261218,-1.2367280950408688,0.42325806970245816
E,-0.2777838948978871,-0.49036808205186583,1.8617921427143325,0.1318948195156414,-0.3755448088852734,-20.932344803462595,-0.14514643478940004,-0.17774174689345232,-0.9585758018630021,0.13904656363498463,0.0657710352446252,-0.19278099543402627,-0.6628324104046279,-1.1726570159705378,-0.5946314875292437,-2.3535311076491623,-0.6777512739393259,-20.098008619730344,0.3879402202296876
F,0.8427600142367125,-1.2688179299055604,0.1318948195156414,-18.115865390553264,-0.04329654277766065,-18.90588389379291,0.1873195310952062,-18.465478216590274,-0.7974836395851194,-20.242190494594247,-0.009032392548879605,1.2900232681973276,-0.4853111610988236,-20.16895659013167,-0.22967061368141775,-20.539632989678054,0.44306994783183584,-18.071547717025922,1.8567000904922575
G,0.7851344984408368,-2.2270536808014176,-0.3755448088852734,-0.04329654277766065,1.639447404814433,1.0232238791365644,-0.09645709624509081,-0.7936927276475285,-0.47961323499285696,0.27998725618984055,-0.6102474273425972,-2.6253158312883396,-1.615646139400687,-0.1675227164899522,-0.3605302350670515,0.46628393393283724,-0.18133066174185178,-20.097078478572385,-21.28253349480685
H,-0.5362593646666001,0.7129924054055391,-20.932344803462595,-18.90588389379291,1.0232238791365644,1.4030642904670962,-19.4366680639732,-18.562349545795175,-0.31117721714171215,-20.339061824532607,-20.89715051207199,0.1284533212611384,-0.7198207072396728,-0.5506473041579214,0.018354223993979,0.2127078504621569,-0.35917640148343194,1.5467615700961603,-19.353874054401533
I,-0.9386469896465927,0.46445472465598986,-0.14514643478940004,0.1873195310952062,-0.09645709624509081,-19.4366680639732,2.50949606693586,-2.2303672351966823,0.11376617068649314,-0.32403247610657415,-1.9111666287615985,-0.08805876423698603,-0.8938273028781021,-0.09374173028278054,-0.47197439258369783,-2.6664864511071134,0.4302315437509572,-1.383753301975533,-3.021891745473824
K,-0.14477142819874084,-0.15375490107834738,-0.17774174689345232,-18.465478216590274,-0.7936927276475285,-18.562349545795175,-2.2303672351966823,-17.428796702910414,-3.82092772763939,1.2096376204040542,-20.456744831928184,-20.532615973526468,1.7233745500170403,-0.09801378420762691,-3.9462618562632095,-0.4686901835329933,1.0881974216812518,-17.728013372316852,-2.1475732257979367
L,-0.48418373290968686,-1.5181210309421855,-0.9585758018630021,-0.7974836395851194,-0.47961323499285696,-0.31117721714171215,0.11376617068649314,-3.82092772763939,1.3078682555326966,0.5083472196570672,-3.0262788996212313,-0.8756406353766764,-0.6616675172139949,0.29404494260732233,-0.7017997567119738,-0.35591756777624295,0.17705223156791441,0.2154354466589514,-0.9322504259861201
M,0.3661231594231472,-1.7265756629436355,0.13904656363498463,-20.242190494594247,0.27998725618984055,-20.339061824532607,-0.32403247610657415,1.2096376204040542,0.5083472196570672,0.9733703765234456,-3.511927924640666,-1.1225355717405472,0.184283698375198,0.25911176650417495,-0.3702096080303349,0.2642772401834212,0.5449280038258971,-19.504725641656762,-1.9686514646904156
N,-0.4254150894806336,-1.1099351587426893,0.0657710352446252,-0.009032392548879605,-0.6102474273425972,-20.89715051207199,-1.9111666287615985,-20.456744831928184,-3.0262788996212313,-3.511927924640666,2.352297151955563,-1.7516570094511414,-1.9348074245066367,-4.941644630296492,0.02882259802681528,-2.4918072532499753,-4.750173727338722,-20.062814328377616,-2.526740152415764
P,-0.8891853767230659,-1.913181776085894,-0.19278099543402627,1.2900232681973276,-2.6253158312883396,0.1284533212611384,-0.08805876423698603,-20.532615973526468,-0.8756406353766764,-1.1225355717405472,-1.7516570094511414,2.078535545555356,-0.42087228936816584,-1.1346193789339014,-0.1119195389678189,-1.0726589757755074,0.42486643364636517,0.9627895050355356,-2.602611294066206
Q,-0.017260348231263704,-1.0390027134716588,-0.6628324104046279,-0.4853111610988236,-1.615646139400687,-0.7198207072396728,-0.8938273028781021,1.7233745500170403,-0.6616675172139949,0.184283698375198,-1.9348074245066367,-0.42087228936816584,1.8488996593524154,-0.22391121638205497,-1.5582460244853649,-0.9042348303010058,-0.31384221906132326,0.11451547668060864,-0.5449164266517322
R,-0.09000481425369472,-0.8322590421280015,-1.1726570159705378,-20.16895659013167,-0.1675227164899522,-0.5506473041579214,-0.09374173028278054,-0.09801378420762691,0.29404494260732233,0.25911176650417495,-4.941644630296492,-1.1346193789339014,-0.22391121638205497,2.1278562473788214,-0.33829691300638665,0.1841757639038239,0.1896455626914796,0.28368887857250635,-20.616946752334496
S,-0.11969580730001621,-1.2904399248865717,-0.5946314875292437,-0.22967061368141775,-0.3605302350670515,0.018354223993979,-0.47197439258369783,-3.9462618562632095,-0.7017997567119738,-0.3702096080303349,0.02882259802681528,-0.1119195389678189,-1.5582460244853649,-0.33829691300638665,1.6236763065042197,-0.13322710725559772,-0.2623711997836919,0.5747143005225099,0.9544023687932326
T,-0.7597889023350493,-1.0032771109959464,-2.3535311076491623,-20.539632989678054,0.46628393393283724,0.2127078504621569,-2.6664864511071134,-0.4686901835329933,-0.35591756777624295,0.2642772401834212,-2.4918072532499753,-1.0726589757755074,-0.9042348303010058,0.1841757639038239,-0.13322710725559772,2.122556436857826,0.5908330679479519,0.1338278644695029,-2.2660939599245196
V,-0.6751328503784084,-0.6397806575261218,-0.6777512739393259,0.44306994783183584,-0.18133066174185178,-0.35917640148343194,0.4302315437509572,1.0881974216812518,0.17705223156791441,0.5449280038258971,-4.750173727338722,0.42486643364636517,-0.31384221906132326,0.1896455626914796,-0.2623711997836919,0.5908330679479519,1.1158704683568073,0.4751597808124403,1.387820890384151
W,0.7749790151232647,-1.2367280950408688,-20.098008619730344,-18.071547717025922,-20.097078478572385,1.5467615700961603,-1.383753301975533,-17.728013372316852,0.2154354466589514,-19.504725641656762,-20.062814328377616,0.9627895050355356,0.11451547668060864,0.28368887857250635,0.5747143005225099,0.1338278644695029,0.4751597808124403,-16.640935726869127,-18.51953787473765
Y,-2.773560033748552,0.42325806970245816,0.3879402202296876,1.8567000904922575,-21.28253349480685,-19.353874054401533,-3.021891745473824,-2.1475732257979367,-0.9322504259861201,-1.9686514646904156,-2.526740152415764,-2.602611294066206,-0.5449164266517322,-20.616946752334496,0.9544023687932326,-2.2660939599245196,1.387820890384151,-18.51953787473765,2.5073222148995895
