,A,C,D,E,F,G,H,I,K,L,M,N,P,Q,R,S,T,V,W,Y
A,1.9847131832393932,-18.247526530833646,-0.39475375770175686,-1.5183171363377228,-2.647019772587085,-1.6907290284917174,-3.4574824217912994,-1.7531245271724316,-2.157398896605669,-2.0007962110058357,-0.5190706986688634,-2.505979349324986,-0.22560445139510296,-1.4166072493147213,-2.152285520253102,-1.3007112118043762,-0.17601970131094113,-0.4692935797062951,-1.1281777706895157,-1.665763484989723
C,-18.247526530833646,-12.114049982247636,-16.997827088238033,-17.54351565284128,0.1933043820981381,-2.2978367652378964,1.4291783191374265,-15.876056836996517,-15.706245058824688,-18.30233313633672,-15.180832010523083,-0.8030156637142664,-17.412537534203842,-17.461904508103046,-17.004407238724717,-0.12429415524114908,-18.19563280476838,-17.35364978045393,3.9637727829328555,2.9870433866340704
D,-0.39475375770175686,-16.997827088238033,2.6078310907195483,-0.38848459206586217,-0.61958044452993,-0.3529759212015265,-1.9966205801172119,-0.3931547086834401,-0.6022535513829894,-1.0105474004888777,-19.371467124993217,0.08573777866439446,-0.6051851027940747,-0.2180165105927018,-0.33290842736048853,-0.9249297585071661,-1.7105326689564868,0.687724052989294,0.9044264859516105,0.017952564456095017
E,-1.5183171363377228,-17.54351565284128,-0.38848459206586217,2.1379673336559115,-2.1535410237228465,0.22654463223086785,-1.2091243568272438,-0.8614096934728426,1.337781212378581,-0.9301351638478365,-1.3156761571366506,-2.2518582548232,-0.439802323073634,0.004716278412283964,-0.46955910725118033,-1.4170957165191078,-1.845990969761159,-0.2564019533342946,-0.5208721408645841,-0.6200859577250657
F,-2.647019772587085,0.1933043820981381,-0.61958044452993,-2.1535410237228465,2.54711991370709,-1.87798147693231,-1.354777567581644,1.04301434641541,0.15584552408569124,-0.3146341221930832,-19.93364034320458,-0.4328455496189722,-0.25833970455351746,-0.8491278328271652,-0.5199493247683974,-0.6500252930134531,-2.110687376614618,-0.5165721391652097,-0.6635926059745276,-0.7910813095117185
G,-1.6907290284917174,-2.2978367652378964,-0.3529759212015265,0.22654463223086785,-1.87798147693231,1.1017687050552896,-0.775173544956077,-0.7850820572966354,-0.047249739039830284,-1.339604349522808,0.11677177052470464,-0.8970565942439702,-1.3008021805535488,-1.0198935232971462,0.2184869479092627,-1.1848975697436184,-2.0070962252169555,-0.29767955920648825,-0.3372832023580276,-0.19805435903734162
H,-3.4574824217912994,1.4291783191374265,-1.9966205801172119,-1.2091243568272438,-1.354777567581644,-0.775173544956077,3.7044522977693095,-0.7288886110449345,-19.223179503351012,-0.20517693652918287,-18.697766353809495,-1.1463499496750933,-1.9472105965022137,-0.7220481027944472,0.6278994550685546,-1.3346807483568413,-3.0609305201089634,-0.23570206488192838,-18.845537425753108,0.3596239253001768
I,-1.7531245271724316,-15.876056836996517,-0.3931547086834401,-0.8614096934728426,1.04301434641541,-0.7850820572966354,-0.7288886110449345,2.204987440928165,-0.1736303953641577,-0.5054011158120311,-18.24969679585711,-0.6745380015514026,-2.0349506936583657,0.4364895808860192,-4.766215154682555,0.6428027397366503,-0.03178675978767996,1.33253874526356,-18.397467867212107,-1.5752281133552757
K,-2.157398896605669,-15.706245058824688,-0.6022535513829894,1.337781212378581,0.15584552408569124,-0.047249739039830284,-19.223179503351012,-0.1736303953641577,1.7751980750805303,-0.6670838635574207,-18.079884996304695,-0.6237655183710547,-0.19596385664280014,1.3287639810201015,0.3250507984115154,-0.5437443743720672,-0.9659549659123148,-0.10969092905275354,-18.227656067358033,-0.2445985153554212
L,-2.0007962110058357,-18.30233313633672,-1.0105474004888777,-0.9301351638478365,-0.3146341221930832,-1.339604349522808,-0.20517693652918287,-0.5054011158120311,-0.6670838635574207,1.7722945529079785,0.6062550707599481,-1.9372915123950163,0.010046122600639694,-0.4928123137245314,-0.04685150927976781,-1.0678962517861639,-1.7454973861999132,0.025096079368838994,0.45207559671033687,-0.3538265980072791
M,-0.5190706986688634,-15.180832010523083,-19.371467124993217,-1.3156761571366506,-19.93364034320458,0.11677177052470464,-18.697766353809495,-18.24969679585711,-18.079884996304695,0.6062550707599481,2.5506185082528265,-19.254995583794834,1.0045547362756213,-1.8127622136108454,0.7204721409595175,-0.6554533404934464,-0.025974574458770227,0.44700500979553304,-17.702242923101835,0.4153488642079123
N,-2.505979349324986,-0.8030156637142664,0.08573777866439446,-2.2518582548232,-0.4328455496189722,-0.8970565942439702,-1.1463499496750933,-0.6745380015514026,-0.6237655183710547,-1.9372915123950163,-19.254995583794834,3.091944641483521,-0.8606375894090328,-21.536068306690293,-0.16885337434737718,0.11416182343705043,-1.0349369932746169,0.0013213320634919289,-19.402766656183275,-0.470186932160681
P,-0.22560445139510296,-17.412537534203842,-0.6051851027940747,-0.439802323073634,-0.25833970455351746,-1.3008021805535488,-1.9472105965022137,-2.0349506936583657,-0.19596385664280014,0.010046122600639694,1.0045547362756213,-0.8606375894090328,2.3129873856538397,-0.4406268568681658,0.12422020066548711,-0.6392381454709549,-0.9670695871522148,-0.3267230066683333,0.17701733226185543,-0.31752111978488984
Q,-1.4166072493147213,-17.461904508103046,-0.2180165105927018,0.004716278412283964,-0.8491278328271652,-1.0198935232971462,-0.7220481027944472,0.4364895808860192,1.3287639810201015,-0.4928123137245314,-1.8127622136108454,-21.536068306690293,-0.4406268568681658,2.5028099425786685,0.13353099737657675,-1.0544259922813897,-1.5983649289968445,-1.1866857425631034,0.4249291685056131,-2.0705988602750534
R,-2.152285520253102,-17.004407238724717,-0.33290842736048853,-0.46955910725118033,-0.5199493247683974,0.2184869479092627,0.6278994550685546,-4.766215154682555,0.3250507984115154,-0.04685150927976781,0.7204721409595175,-0.16885337434737718,0.12422020066548711,0.13353099737657675,2.026311830621808,-0.6510720812481424,-0.9305167200445383,-0.12375134834536099,0.890813372996397,-1.2627847216169281
S,-1.3007112118043762,-0.12429415524114908,-0.9249297585071661,-1.4170957165191078,-0.6500252930134531,-1.1848975697436184,-1.3346807483568413,0.6428027397366503,-0.5437443743720672,-1.0678962517861639,-0.6554533404934464,0.11416182343705043,-0.6392381454709549,-1.0544259922813897,-0.6510720812481424,1.7740862666174948,-0.8740848685522232,-0.5222767572094957,-1.0169085278129835,-0.9590798936373655
T,-0.17601970131094113,-18.19563280476838,-1.7105326689564868,-1.845990969761159,-2.110687376614618,-2.0070962252169555,-3.0609305201089634,-0.03178675978767996,-0.9659549659123148,-1.7454973861999132,-0.025974574458770227,-1.0349369932746169,-0.9670695871522148,-1.5983649289968445,-0.9305167200445383,-0.8740848685522232,2.048729241435798,-1.7191514214029877,-0.8193608308478744,-1.0530529832637108
V,-0.4692935797062951,-17.35364978045393,0.687724052989294,-0.2564019533342946,-0.5165721391652097,-0.29767955920648825,-0.23570206488192838,1.33253874526356,-0.10969092905275354,0.025096079368838994,0.44700500979553304,0.0013213320634919289,-0.3267230066683333,-1.1866857425631034,-0.12375134834536099,-0.5222767572094957,-1.7191514214029877,1.9498868998716488,0.9820952945416132,-0.8816492334726537
W,-1.1281777706895157,3.9637727829328555,0.9044264859516105,-0.5208721408645841,-0.6635926059745276,-0.3372832023580276,-18.845537425753108,-18.397467867212107,-18.227656067358033,0.45207559671033687,-17.702242923101835,-19.402766656183275,0.17701733226185543,0.4249291685056131,0.890813372996397,-1.0169085278129835,-0.8193608308478744,0.9820952945416132,2.4666298516500174,0.9225886509878923
Y,-1.665763484989723,2.9870433866340704,0.017952564456095017,-0.6200859577250657,-0.7910813095117185,-0.19805435903734162,0.3596239253001768,-1.5752281133552757,-0.2445985153554212,-0.3538265980072791,0.4153488642079123,-0.470186932160681,-0.31752111978488984,-2.0705988602750534,-1.2627847216169281,-0.9590798936373655,-1.0530529832637108,-0.8816492334726537,0.9225886509878923,2.91841473921922
