,A,D,E,F,G,H,I,K,L,M,N,P,Q,R,S,T,V,W,Y
A,1.1579791459228936,-0.12190173685078945,1.0117656728394149,-18.079897699950937,0.1729376663445368,-20.47101657420835,-0.320312509085215,-0.16018794357423446,-0.5695310797473327,-21.22868318990511,-20.85755583310709,0.3812915331314159,1.0006950642802734,-0.5392345113461007,-0.5546307505376196,-0.3968651110745246,1.297958878443442,-18.015654681729465,-18.456113562031042
D,-0.12190173685078945,3.0891828701008532,2.5053634642202263,-15.967425473193495,-0.05558978869645203,3.7407418127667307,-19.133664751370294,1.3339864149774168,-21.174642786830702,-19.116210865331674,-18.74508351050406,-19.83759911514748,-18.744372662249845,-22.338832045614716,-21.970136526217818,-21.570670619413352,-19.20611297605822,-15.903182461753202,-16.343641303228953
E,1.0117656728394149,2.5053634642202263,2.6030728065921585,-16.956709922845643,0.11085328206983477,-19.347828770602508,-20.12294927097375,0.9241412521714513,-1.931249921922194,-20.10549538488091,-19.73436802864529,-20.826883636307,0.49902020680323395,-1.303679713114334,-22.959421048719832,-22.55995514182672,-20.195397495876858,-16.892466906559672,3.6677480034285317
F,-18.079897699950937,-15.967425473193495,-16.956709922845643,-12.231605220839668,-18.64961762136736,-15.315866637516338,-16.090987019718888,-16.62400959215195,-18.131964970043512,4.0400991546322675,-15.702405825318497,-16.79492133404809,-15.7016949771669,-19.296154220085025,-18.927458702457187,1.180174384377315,-16.163435237568727,-12.860507106963135,-13.300965066802716
G,0.1729376663445368,-0.05558978869645203,0.11085328206983477,-18.64961762136736,1.7419924409163527,-21.040736501172535,-21.81585700328524,-22.348879618032267,-2.49996806341236,-21.79840311716622,-3.868560263737454,-2.2871139821790707,-21.42656491199146,-1.9499009711433568,-2.271375243581396,-3.0406182980186136,-1.6556278411012204,1.9748402912435474,-19.02583348536219
H,-20.47101657420835,3.7407418127667307,-19.347828770602508,-15.315866637516338,-21.040736501172535,4.39230072529654,-18.48210581340615,2.3910104626574227,-20.523083844948992,-18.464651927446806,-18.093524574678067,-19.186040174907962,-18.092813726428574,-21.687273103330718,-21.31857758401522,-20.919111677340382,-18.55455403777942,-15.251623633161683,-15.692082434068414
I,-0.320312509085215,-19.133664751370294,-20.12294927097375,-16.090987019718888,-21.81585700328524,-18.48210581340615,0.4509408704353132,-19.790248923935017,-0.37237977986107196,-19.239772424790658,-18.868645069702513,0.9646638920299564,-18.867934221447697,-1.5202481811978643,1.3529245912996688,-21.69423217940231,1.3678966824010181,-16.02674400738196,-16.467202853991406
K,-0.16018794357423446,1.3339864149774168,0.9241412521714513,-16.62400959215195,-22.348879618032267,2.3910104626574227,-19.790248923935017,-19.630124358702115,-0.580914451547635,-19.77279503785485,-19.401667681948226,-0.18665668949886158,0.8317205534995438,0.9682821591933771,-22.626720701003812,-22.227254794131415,-19.862697148787845,-16.559766576998236,-17.000225439735278
L,-0.5695310797473327,-21.174642786830702,-1.931249921922194,-18.131964970043512,-2.49996806341236,-20.523083844948992,-0.37237977986107196,-0.580914451547635,1.7972403993179655,1.7187207893450356,-20.90962310386866,0.32922426234035923,-0.6762348684188174,0.09083359114700841,-2.110239270669555,-23.735210218798237,0.486887477342006,-18.067721951774708,-18.50818083234729
M,-21.22868318990511,-19.116210865331674,-20.10549538488091,4.0400991546322675,-21.79840311716622,-18.464651927446806,-19.239772424790658,-19.77279503785485,1.7187207893450356,1.5844609273659802,-18.85119118369008,-19.943706788817227,-18.850480335435346,0.4367484948733791,-22.07624420010272,-0.8699988236086633,-19.31222064951307,-16.00929012318616,-16.449748969108338
N,-20.85755583310709,-18.74508351050406,-19.73436802864529,-15.702405825318497,-3.868560263737454,-18.093524574678067,-18.868645069702513,-19.401667681948226,-20.90962310386866,-18.85119118369008,-0.9213483187750154,-19.572579432727977,-18.479352981290006,-22.07381236251977,-0.04067148547745824,1.895905068036985,-18.941093294286482,-15.638162816219102,-16.07862164429197
P,0.3812915331314159,-19.83759911514748,-20.826883636307,-16.79492133404809,-2.2871139821790707,-19.186040174907962,0.9646638920299564,-0.18665668949886158,0.32922426234035923,-19.943706788817227,-19.572579432727977,2.115245954174799,2.527417482900091,-0.4106191929921525,-0.05096727295554535,-1.8724639473134042,1.839121586864978,-16.730678318265852,-17.171137184601534
Q,1.0006950642802734,-18.744372662249845,0.49902020680323395,-15.7016949771669,-21.42656491199146,-18.092813726428574,-18.867934221447697,0.8317205534995438,-0.6762348684188174,-18.850480335435346,-18.479352981290006,2.527417482900091,-17.78549496191427,0.11652792398343415,-0.7037322156826642,-21.304940088129165,-18.94038244603135,-15.637451968074656,-16.077910796106586
R,-0.5392345113461007,-22.338832045614716,-1.303679713114334,-19.296154220085025,-1.9499009711433568,-21.687273103330718,-1.5202481811978643,0.9682821591933771,0.09083359114700841,0.4367484948733791,-22.07381236251977,-0.4106191929921525,0.11652792398343415,1.0061146269557468,-2.3038600359112866,-24.89939947798639,-0.9158700835625821,-19.231911201207083,-19.672370085267303
S,-0.5546307505376196,-21.970136526217818,-22.959421048719832,-18.927458702457187,-2.271375243581396,-21.31857758401522,1.3529245912996688,-22.626720701003812,-2.110239270669555,-22.07624420010272,-0.04067148547745824,-0.05096727295554535,-0.7037322156826642,-2.3038600359112866,1.4905667297350234,-2.26020856441361,-0.8348566364655816,-18.863215683702506,-19.303674567056994
T,-0.3968651110745246,-21.570670619413352,-22.55995514182672,1.180174384377315,-3.0406182980186136,-20.919111677340382,-21.69423217940231,-22.227254794131415,-23.735210218798237,-0.8699988236086633,1.895905068036985,-1.8724639473134042,-21.304940088129165,-24.89939947798639,-2.26020856441361,1.9499581656461413,-21.766680404406333,-18.46374977991131,-18.90420866214202
V,1.297958878443442,-19.20611297605822,-20.195397495876858,-16.163435237568727,-1.6556278411012204,-18.55455403777942,1.3678966824010181,-19.862697148787845,0.486887477342006,-19.31222064951307,-18.941093294286482,1.839121586864978,-18.94038244603135,-0.9158700835625821,-0.8348566364655816,-21.766680404406333,2.784815735522432,-16.099192224755352,-16.53965107409271
W,-18.015654681729465,-15.903182461753202,-16.892466906559672,-12.860507106963135,1.9748402912435474,-15.251623633161683,-16.02674400738196,-16.559766576998236,-18.067721951774708,-16.00929012318616,-15.638162816219102,-16.730678318265852,-15.637451968074656,-19.231911201207083,-18.863215683702506,-18.46374977991131,-16.099192224755352,-12.10311985077663,-13.236722158646286
Y,-18.456113562031042,-16.343641303228953,3.6677480034285317,-13.300965066802716,-19.02583348536219,-15.692082434068414,-16.467202853991406,-17.000225439735278,-18.50818083234729,-16.449748969108338,-16.07862164429197,-17.171137184601534,-16.077910796106586,-19.672370085267303,-19.303674567056994,-18.90420866214202,-16.53965107409271,-13.236722158646286,-12.984034376561324
