,A,C,D,E,F,G,H,I,K,L,M,N,P,Q,R,S,T,V,W,Y
A,2.3864393440872287,-2.461949527987724,0.121665398540779,0.2323197087158796,-0.4073155694448171,-0.11818744480174605,-0.26872842002598984,-0.15871607426917902,-0.0530748612631228,-0.26776261383484035,-0.24091602677637572,0.3237948123377459,-0.05530713139333166,0.14866799711247466,-1.3761546061543626,-1.1759732648908012,0.29765512819094436,0.278485237169223,0.6047366621923301,-0.5211798983956553
C,-2.461949527987724,-14.381015376312288,-1.6326511009502638,-1.6792956391677891,-17.910412445371318,-18.77916373904289,-2.473913771591528,-19.706617932736247,-16.691973065699546,-3.5520929909642756,-17.875647988964506,0.40140307907162753,-0.17571702072139264,-17.811835926753808,-20.033588568885996,1.159075815426539,-1.0787449030673726,-2.1790100153466927,-1.3220546677653893,0.06557556253204398
D,0.121665398540779,-1.6326511009502638,3.4878505268478173,0.495732033607875,0.3809139822978319,0.4341864429692168,1.0554562739435975,-0.532459220383403,0.5008954502276348,-2.5947184201346083,-0.0889711942971609,0.6270240107400876,0.5151091148143695,-0.863070572290331,-3.5154347282556784,-1.5049753921003044,-0.22243601544475036,-0.053802025821099705,-1.3119278752850134,1.1883879822238659
E,0.2323197087158796,-1.6792956391677891,0.495732033607875,3.859962004960244,-0.42454381818695,0.7269426262749533,0.4337401476056502,-2.443983194310937,0.8726514644548038,-0.08063521992074321,-0.40568850469590867,0.244512975352456,0.16721210622597998,0.6996821972957523,-2.0821282683162905,-0.4858698651136991,0.5227544979533839,0.513185840960305,0.5483045222264815,-0.7565939548476395
F,-0.4073155694448171,-17.910412445371318,0.3809139822978319,-0.42454381818695,2.1405257700783094,-0.8090613916344368,0.6839912004098986,0.3893325118869591,0.32664264381179664,0.4690472367514299,0.42399295901192074,0.36542436247983584,0.059389752976332276,0.3010816464531964,-1.4399058217640766,-1.5897521758561493,0.04170899063642158,0.21832298888163745,1.1323866094327908,1.0758957158575606
G,-0.11818744480174605,-18.77916373904289,0.4341864429692168,0.7269426262749533,-0.8090613916344368,2.2474480442517395,-0.14498573930924902,-0.9982942535432686,-0.2852446697120949,-0.45605329418134305,0.10802649241922938,-0.5823215447519402,-0.0816562579692007,-0.1852709228325043,-1.043434743083872,-0.8353272628463408,-0.5815396183834242,-0.05031609060231063,-0.32605967874642083,-1.387818849406601
H,-0.26872842002598984,-2.473913771591528,1.0554562739435975,0.4337401476056502,0.6839912004098986,-0.14498573930924902,2.670950351632511,-0.22266912772833952,0.11590544724235799,0.23305565065688366,0.3625759031378093,0.6748110466773528,-0.37303501753671753,-0.009080630817164108,-0.798530723272775,-1.6165619265485793,-0.1863067249755334,0.4725142407748048,0.24560853086175805,1.3639709546879681
I,-0.15871607426917902,-19.706617932736247,-0.532459220383403,-2.443983194310937,0.3893325118869591,-0.9982942535432686,-0.22266912772833952,1.409262125337747,0.7105435974805809,0.06565733533684102,0.37144329262022285,-1.22835392894093,0.43797554802213035,-0.11746380247462176,-1.5214482381610117,-2.1470508160883943,0.19036273063728595,0.019988338912811127,-0.38047714640230995,-0.316808073633677
K,-0.0530748612631228,-16.691973065699546,0.5008954502276348,0.8726514644548038,0.32664264381179664,-0.2852446697120949,0.11590544724235799,0.7105435974805809,0.46674856829202244,0.16322334748904255,1.1081481020474524,-0.10513107861868387,0.7838678809463069,0.6972573441961568,-0.412089694733323,-0.980619590702686,0.47901100256776036,-0.2696079020295932,-0.1432945147155614,-0.9766880419676429
L,-0.26776261383484035,-3.5520929909642756,-2.5947184201346083,-0.08063521992074321,0.4690472367514299,-0.45605329418134305,0.23305565065688366,0.06565733533684102,0.16322334748904255,2.069736715644807,0.7808128649847781,0.04295368547348335,-0.14071272978811422,0.32764471542012724,-0.7057229456091417,-1.8056646748568979,0.39572683951095927,0.8479266575196234,0.316765713582738,-0.44085706359835064
M,-0.24091602677637572,-17.875647988964506,-0.0889711942971609,-0.40568850469590867,0.42399295901192074,0.10802649241922938,0.3625759031378093,0.37144329262022285,1.1081481020474524,0.7808128649847781,1.90425889619616,-0.3294833457187457,0.3310804293110935,1.0950876976388908,-1.3081660359947231,-1.3449740621134103,0.2405496567347144,0.613587451836154,0.3908515856211202,-0.04863009214501677
N,0.3237948123377459,0.40140307907162753,0.6270240107400876,0.244512975352456,0.36542436247983584,-0.5823215447519402,0.6748110466773528,-1.22835392894093,-0.10513107861868387,0.04295368547348335,-0.3294833457187457,2.35772941952159,-0.7339020577205899,-0.0364115889682478,-2.0271233637922523,0.3852972319453993,-1.3709023458577074,-0.024558347057352176,-0.03271956386896859,0.7739236136460687
P,-0.05530713139333166,-0.17571702072139264,0.5151091148143695,0.16721210622597998,0.059389752976332276,-0.0816562579692007,-0.37303501753671753,0.43797554802213035,0.7838678809463069,-0.14071272978811422,0.3310804293110935,-0.7339020577205899,2.326933735726994,-0.10220089388716909,-1.0882301929272096,-0.5774337274125968,0.6380859746140067,0.11732023804262465,0.1389136518568399,-1.126041326917422
Q,0.14866799711247466,-17.811835926753808,-0.863070572290331,0.6996821972957523,0.3010816464531964,-0.1852709228325043,-0.009080630817164108,-0.11746380247462176,0.6972573441961568,0.32764471542012724,1.0950876976388908,-0.0364115889682478,-0.10220089388716909,2.7094183254335107,-1.0887246587002872,-1.7025951747199373,0.022011141471510103,0.5987321340411514,0.7741637094535238,-0.8670220350813117
R,-1.3761546061543626,-20.033588568885996,-3.5154347282556784,-2.0821282683162905,-1.4399058217640766,-1.043434743083872,-0.798530723272775,-1.5214482381610117,-0.412089694733323,-0.7057229456091417,-1.3081660359947231,-2.0271233637922523,-1.0882301929272096,-1.0887246587002872,1.4504155460335697,-2.1880904903510934,-1.3903907054653584,-0.7343040049918068,-0.6965578276007719,-0.9904896181364132
S,-1.1759732648908012,1.159075815426539,-1.5049753921003044,-0.4858698651136991,-1.5897521758561493,-0.8353272628463408,-1.6165619265485793,-2.1470508160883943,-0.980619590702686,-1.8056646748568979,-1.3449740621134103,0.3852972319453993,-0.5774337274125968,-1.7025951747199373,-2.1880904903510934,1.085682671164915,-1.0011757839161806,-1.1224110537362526,-0.8771849081500908,-2.3442107483101084
T,0.29765512819094436,-1.0787449030673726,-0.22243601544475036,0.5227544979533839,0.04170899063642158,-0.5815396183834242,-0.1863067249755334,0.19036273063728595,0.47901100256776036,0.39572683951095927,0.2405496567347144,-1.3709023458577074,0.6380859746140067,0.022011141471510103,-1.3903907054653584,-1.0011757839161806,1.8431734808128926,0.18367291851747292,0.1802225696755778,-0.7786858128204299
V,0.278485237169223,-2.1790100153466927,-0.053802025821099705,0.513185840960305,0.21832298888163745,-0.05031609060231063,0.4725142407748048,0.019988338912811127,-0.2696079020295932,0.8479266575196234,0.613587451836154,-0.024558347057352176,0.11732023804262465,0.5987321340411514,-0.7343040049918068,-1.1224110537362526,0.18367291851747292,1.5153075648777743,0.9325948861449193,0.45285480933357275
W,0.6047366621923301,-1.3220546677653893,-1.3119278752850134,0.5483045222264815,1.1323866094327908,-0.32605967874642083,0.24560853086175805,-0.38047714640230995,-0.1432945147155614,0.316765713582738,0.3908515856211202,-0.03271956386896859,0.1389136518568399,0.7741637094535238,-0.6965578276007719,-0.8771849081500908,0.1802225696755778,0.9325948861449193,2.458681284306814,0.49653691489997975
Y,-0.5211798983956553,0.06557556253204398,1.1883879822238659,-0.7565939548476395,1.0758957158575606,-1.387818849406601,1.3639709546879681,-0.316808073633677,-0.9766880419676429,-0.44085706359835064,-0.04863009214501677,0.7739236136460687,-1.126041326917422,-0.8670220350813117,-0.9904896181364132,-2.3442107483101084,-0.7786858128204299,0.45285480933357275,0.49653691489997975,2.332948563578388
