,A,C,D,E,F,G,H,I,K,L,M,N,P,Q,R,S,T,V,W,Y
A,1.550051570423256,0.3619915654917087,-0.9268123448868022,-0.19712209783080795,0.1495448710374654,-0.34449595427791824,-0.8190193538846177,-0.16279357162415142,-0.9841555540493612,-0.1904640733238308,-0.37187028008073636,-0.7689343296158392,0.11834591648261716,-0.1694849810588378,-0.8024858315078887,-0.3974699731420699,-0.07590649877380641,-0.031422128911143446,0.05738715898901006,-0.5410334865471966
C,0.3619915654917087,-15.476470030123053,-1.4580862133883985,0.45729871456345317,0.5927324277850767,-0.8183421526386699,-0.7686497842062615,0.40128010262726155,-0.7372187535943278,-0.7279674854466351,1.5786911105236037,-1.049790699607207,0.24036361658046515,-0.41424020680604684,-1.2794923308752686,0.011505705094436632,-0.7732607170362581,0.7111853782350246,0.9364865393297411,-0.9972029308920176
D,-0.9268123448868022,-1.4580862133883985,1.9159721623298802,-0.2015917736072159,-0.6080387254951455,-0.3115424579467595,0.7360046344195503,-0.6631836833320044,-0.7026007301203461,-0.552206622770036,-1.4796981771522815,-0.5242851885642262,-0.18662056690044407,-0.7688085351568406,-0.6176870598330579,-0.8071067839820989,-1.0649060624915012,-0.7476146700788701,-0.38707839703678987,0.3480473966368244
E,-0.19712209783080795,0.45729871456345317,-0.2015917736072159,1.8081803386136561,-0.6776722165422544,-0.13754838907120315,-0.31576173126395474,-0.315475961077328,0.6431083390820658,-0.018477646626139765,0.011642727940175662,-0.6332121135283294,-0.6599522866977799,0.007775622303211813,-0.42089679792391194,-0.4486760851816275,-0.32469570943033044,0.05366093823862736,-0.05019483927155627,-0.15607690366030033
F,0.1495448710374654,0.5927324277850767,-0.6080387254951455,-0.6776722165422544,2.012726704003473,-0.2222372380009839,-1.6137429484858383,0.034627626384068265,-1.348225066424017,0.42304363494253255,-0.19834939178524064,-0.40073822959916316,0.0723981431548953,-0.22156062177965952,-0.6691363473587633,-0.3908679003832305,0.09725989980923269,0.09918480837229526,0.6279744134287136,0.4597798771869906
G,-0.34449595427791824,-0.8183421526386699,-0.3115424579467595,-0.13754838907120315,-0.2222372380009839,1.4750231675032794,-0.6053814997692045,-0.7351441973645471,-0.38114281334946404,-0.6143344131632325,-0.862940765615678,-0.8640208715897857,-0.3659306982563471,-0.3049743004099895,-0.5462738197352722,-0.6966764848338515,-0.6533678185873947,-0.7179634802439634,-0.5790059516002716,-0.7758548607337821
H,-0.8190193538846177,-0.7686497842062615,0.7360046344195503,-0.31576173126395474,-1.6137429484858383,-0.6053814997692045,1.7264663343278033,-0.7293279377218512,-0.5912203379264525,0.3015420916962999,-1.0069594762525669,0.040558012875083524,-0.28142347402067647,-0.3398334546118274,-0.11512018024241268,-0.17498161219032185,0.21102164587729386,-0.46314857612306276,0.17565822437371795,1.0681486565540816
I,-0.16279357162415142,0.40128010262726155,-0.6631836833320044,-0.315475961077328,0.034627626384068265,-0.7351441973645471,-0.7293279377218512,1.4282375623577672,0.4112967896010211,0.39027752280797184,-0.17159188365813854,0.04265597205963841,-0.34735186983576943,-0.5117314017805239,0.4551363928994882,-0.02900004855211301,-0.34717909303474254,-0.1901377569766933,0.13592257224839185,0.0638274367338057
K,-0.9841555540493612,-0.7372187535943278,-0.7026007301203461,0.6431083390820658,-1.348225066424017,-0.38114281334946404,-0.5912203379264525,0.4112967896010211,2.2282717082127794,0.22134255191225313,-0.37076063881040094,-0.6474622572042618,-0.16559815633193184,0.40202584700493027,0.5532906839246886,-0.27367361756575775,-0.08154688655679132,-1.1826664254274044,-0.0029541380113259964,-0.8870149587612888
L,-0.1904640733238308,-0.7279674854466351,-0.552206622770036,-0.018477646626139765,0.42304363494253255,-0.6143344131632325,0.3015420916962999,0.39027752280797184,0.22134255191225313,1.2846998732193557,0.18946336768897645,-0.7730146633404691,0.2860216422329325,-0.02862552597569912,-0.021782044922159866,-0.3382245887339901,-0.33256260845811497,0.2546964746931845,-0.3060325294644881,-0.4462110591229361
M,-0.37187028008073636,1.5786911105236037,-1.4796981771522815,0.011642727940175662,-0.19834939178524064,-0.862940765615678,-1.0069594762525669,-0.17159188365813854,-0.37076063881040094,0.18946336768897645,2.4417571542394794,-1.4249739674667035,-0.5675201661612319,0.16038339328619575,-0.14462991233606834,-1.0134116064063845,-0.581054774452748,-0.20575778830027808,1.2695076252953252,-0.9333775649855974
N,-0.7689343296158392,-1.049790699607207,-0.5242851885642262,-0.6332121135283294,-0.40073822959916316,-0.8640208715897857,0.040558012875083524,0.04265597205963841,-0.6474622572042618,-0.7730146633404691,-1.4249739674667035,1.954692083634812,-0.9548498168266633,0.24491279190461157,-0.3938070909847512,-0.6722164236745779,-1.1868031154363372,-1.827560914369306,-0.3076103866071815,-0.19855054139495776
P,0.11834591648261716,0.24036361658046515,-0.18662056690044407,-0.6599522866977799,0.0723981431548953,-0.3659306982563471,-0.28142347402067647,-0.34735186983576943,-0.16559815633193184,0.2860216422329325,-0.5675201661612319,-0.9548498168266633,1.5025767491211168,0.2601923926493223,0.13875414268585862,-0.13374407074124547,0.01797528158874938,-0.3728096601253207,-0.18908262138503573,-0.2715779841519191
Q,-0.1694849810588378,-0.41424020680604684,-0.7688085351568406,0.007775622303211813,-0.22156062177965952,-0.3049743004099895,-0.3398334546118274,-0.5117314017805239,0.40202584700493027,-0.02862552597569912,0.16038339328619575,0.24491279190461157,0.2601923926493223,2.656347199636809,0.06684816193470285,-0.6353743023872455,-1.0175347929273524,-0.676417511959322,0.16205106561226293,-1.196793732431715
R,-0.8024858315078887,-1.2794923308752686,-0.6176870598330579,-0.42089679792391194,-0.6691363473587633,-0.5462738197352722,-0.11512018024241268,0.4551363928994882,0.5532906839246886,-0.021782044922159866,-0.14462991233606834,-0.3938070909847512,0.13875414268585862,0.06684816193470285,1.3331385205991437,-0.2963432040444708,-0.4377730943218638,-1.0569725680707351,0.6146720417972009,-0.3161227991988724
S,-0.3974699731420699,0.011505705094436632,-0.8071067839820989,-0.4486760851816275,-0.3908679003832305,-0.6966764848338515,-0.17498161219032185,-0.02900004855211301,-0.27367361756575775,-0.3382245887339901,-1.0134116064063845,-0.6722164236745779,-0.13374407074124547,-0.6353743023872455,-0.2963432040444708,1.3019680368736317,-0.29276966421598943,-0.8691730786031252,-0.15334199647110325,-0.6245890825020377
T,-0.07590649877380641,-0.7732607170362581,-1.0649060624915012,-0.32469570943033044,0.09725989980923269,-0.6533678185873947,0.21102164587729386,-0.34717909303474254,-0.08154688655679132,-0.33256260845811497,-0.581054774452748,-1.1868031154363372,0.01797528158874938,-1.0175347929273524,-0.4377730943218638,-0.29276966421598943,2.0085620938675217,-0.5983947451171471,-0.5983815606713079,-1.4476153559505645
V,-0.031422128911143446,0.7111853782350246,-0.7476146700788701,0.05366093823862736,0.09918480837229526,-0.7179634802439634,-0.46314857612306276,-0.1901377569766933,-1.1826664254274044,0.2546964746931845,-0.20575778830027808,-1.827560914369306,-0.3728096601253207,-0.676417511959322,-1.0569725680707351,-0.8691730786031252,-0.5983947451171471,1.598676167568027,-0.9771062609594309,-0.5653738446804784
W,0.05738715898901006,0.9364865393297411,-0.38707839703678987,-0.05019483927155627,0.6279744134287136,-0.5790059516002716,0.17565822437371795,0.13592257224839185,-0.0029541380113259964,-0.3060325294644881,1.2695076252953252,-0.3076103866071815,-0.18908262138503573,0.16205106561226293,0.6146720417972009,-0.15334199647110325,-0.5983815606713079,-0.9771062609594309,0.499998923054885,0.23720452837430453
Y,-0.5410334865471966,-0.9972029308920176,0.3480473966368244,-0.15607690366030033,0.4597798771869906,-0.7758548607337821,1.0681486565540816,0.0638274367338057,-0.8870149587612888,-0.4462110591229361,-0.9333775649855974,-0.19855054139495776,-0.2715779841519191,-1.196793732431715,-0.3161227991988724,-0.6245890825020377,-1.4476153559505645,-0.5653738446804784,0.23720452837430453,2.02463634187549
