,A,C,D,E,F,G,H,I,K,L,M,N,P,Q,R,S,T,V,W,Y
A,0.7930383856345019,-20.121571430086234,-19.453922343659183,0.9852270949952006,0.10558400773938431,0.3931755746037436,0.5091762715284593,-23.60604550156665,0.18937635397826658,0.3802235496267483,-0.9837621215805746,-0.2460381963673084,0.946286689818184,0.24643090728304265,-0.15170632322957583,-0.9479953561645975,-0.16261387572810673,0.8898871230739327,-20.592422664211718,0.5751569338142056
C,-20.121571430086234,-16.45293649401928,-16.478434584617663,-18.828222379214054,-19.20442842585245,1.3664502923231052,-18.422030113469653,-0.2933269989467886,-19.089887499395832,0.6142324106494886,-20.104064410805897,-19.177244576341767,-19.316281211149118,-18.684775475525296,-19.370594774796334,-21.268129883883244,1.9888612846899925,-18.940209033297176,-17.616934860183864,-19.049196627175444
D,-19.453922343659183,-16.478434584617663,-15.117638518105878,-18.160573297371553,-18.536779342029053,-19.689425659336717,-17.754381034792974,-19.96290859026236,-18.422238416098764,-19.74849636073961,-19.436415324409456,3.557881369223766,-18.64863212686677,-18.017126394657296,-18.702945690308972,-20.600480796273608,-19.06701466815237,-18.27255995078534,-16.94928579323764,-18.381547544080348
E,0.9852270949952006,-18.828222379214054,-18.160573297371553,-19.81721396400299,-0.07848527896958342,0.673767660689394,0.7039130378249023,-22.3126964460149,0.5212375462426628,-0.32532315355631053,-0.26854209057002415,-0.05130142935645602,-0.1903380646596615,0.4411676738908913,0.448495551617996,-0.7759420508947094,0.1525702493079474,0.6709160130144054,-19.29907361152662,0.7698937004323168
F,0.10558400773938431,-19.20442842585245,-18.536779342029053,-0.07848527896958342,2.84639128942271,0.0021002612707702287,0.32770698968290085,-22.68890249467525,-0.3401504004875098,-0.9732611718814007,-1.3543273147446153,-0.42750747780714005,-0.43154979920299824,0.06496162561433745,-0.6208576769814003,-1.6365279052490396,-0.44106205168226564,-0.1904719336675523,-19.67527965894834,0.3936876520190138
G,0.3931755746037436,1.3664502923231052,-19.689425659336717,0.673767660689394,0.0021002612707702287,0.6506253364220177,0.7844985788546709,-2.4057058518577286,0.23433008096961724,0.16393793269219548,-0.23780901848665878,0.02928411090222862,-0.10975252448970345,0.5217532145845502,0.7561930173702281,-1.3082780411700154,0.3196245924380699,0.38400854786180005,-20.827925980396763,0.8504792411518509
H,0.5091762715284593,-18.422030113469653,-17.754381034792974,0.7039130378249023,0.32770698968290085,0.7844985788546709,-0.1661050971286948,-21.906504177039068,0.44224791653902934,-0.19086285428496721,-0.5719289972236203,0.49769260992640124,0.6552820516443147,0.8473599422533566,0.6009684878414855,-1.7359944712218511,-0.20252833957998362,0.5919263832337158,-18.892881344530323,1.2103778423616836
I,-23.60604550156665,-0.2933269989467886,-19.96290859026236,-22.3126964460149,-22.68890249467525,-2.4057058518577286,-21.906504177039068,1.8102483387631216,-0.03915285057942491,-0.9094782840522644,-3.251307803821037,-2.6778620134088045,-1.9926733677479096,0.8360569478806411,-0.5156250606782015,-1.4350423197141506,-1.2724692347139492,-22.424683100781237,1.9038975774323792,-22.53367069525485
K,0.18937635397826658,-19.089887499395832,-18.422238416098764,0.5212375462426628,-0.3401504004875098,0.23433008096961724,0.44224791653902934,-0.03915285057942491,-20.340544206421665,-0.58698827521157,-0.754604489458073,-0.312966550868994,-0.4520031861982813,0.1795025525062168,-0.021134851726003774,0.24330683978947923,-0.05992631758203433,0.4092508915556139,-19.560738732283593,0.5082285789472275
L,0.3802235496267483,0.6142324106494886,-19.74849636073961,-0.32532315355631053,-0.9732611718814007,0.16393793269219548,-0.19086285428496721,-0.9094782840522644,-0.58698827521157,1.4157384118928784,-1.676676465728441,-0.9460773222496515,0.013498330718890651,-0.453608218560424,0.36464987492112577,-1.62053867375548,-0.04253142433793911,0.14788794762781637,0.614232410883795,-0.12488219213634864
M,-0.9837621215805746,-20.104064410805897,-19.436415324409456,-0.26854209057002415,-1.3543273147446153,-0.23780901848665878,-0.5719289972236203,-3.251307803821037,-0.754604489458073,-1.676676465728441,2.176776281357504,-1.327143465114618,-1.4661801004994797,-0.8346743614669577,-1.035311766046898,-0.6988442301760631,-0.9071369434837117,-0.4810181743822351,-20.574915644919272,-0.5059483352399087
N,-0.2460381963673084,-19.177244576341767,3.557881369223766,-0.05130142935645602,-0.42750747780714005,0.02928411090222862,0.49769260992640124,-2.6778620134088045,-0.312966550868994,-0.9460773222496515,-1.327143465114618,2.6144390526497476,0.6668528078241459,0.09214547522385459,-0.593673827358475,-2.0060270409974326,0.1063996531032144,-0.16328808405194556,-19.648095809390398,0.42087150163678133
P,0.946286689818184,-19.316281211149118,-18.64863212686677,-0.1903380646596615,-0.43154979920299824,-0.10975252448970345,0.6552820516443147,-1.9926733677479096,-0.4520031861982813,0.013498330718890651,-1.4661801004994797,0.6668528078241459,1.9811497118172683,-0.046891160061877046,-0.2932826151026513,-0.8034320224403754,-0.5529148374259161,-0.30232471936715266,-19.7871324444265,0.2818348663111157
Q,0.24643090728304265,-18.684775475525296,-18.017126394657296,0.4411676738908913,0.06496162561433745,0.5217532145845502,0.8473599422533566,0.8360569478806411,0.1795025525062168,-0.453608218560424,-0.8346743614669577,0.09214547522385459,-0.046891160061877046,-19.53032015539538,-0.1012047238786317,-1.9987398355475952,-0.46527370376977994,0.3291810192542398,-19.155626707452505,0.9133406049942377
R,-0.15170632322957583,-19.370594774796334,-18.702945690308972,0.448495551617996,-0.6208576769814003,0.7561930173702281,0.6009684878414855,-0.5156250606782015,-0.021134851726003774,0.36464987492112577,-1.035311766046898,-0.593673827358475,-0.2932826151026513,-0.1012047238786317,-0.09387684640709594,-0.13005343924927995,0.26985352550953573,-0.35663828319435353,-19.841446008154787,0.22752130248020852
S,-0.9479953561645975,-21.268129883883244,-20.600480796273608,-0.7759420508947094,-1.6365279052490396,-1.3082780411700154,-1.7359944712218511,-1.4350423197141506,0.24330683978947923,-1.62053867375548,-0.6988442301760631,-2.0060270409974326,-0.8034320224403754,-1.9987398355475952,-0.13005343924927995,1.1065614605637184,-0.003977134265533746,-0.9425572381667933,-21.73898111847637,-1.670013809404298
T,-0.16261387572810673,1.9888612846899925,-19.06701466815237,0.1525702493079474,-0.44106205168226564,0.3196245924380699,-0.20252833957998362,-1.2724692347139492,-0.05992631758203433,-0.04253142433793911,-0.9071369434837117,0.1063996531032144,-0.5529148374259161,-0.46527370376977994,0.26985352550953573,-0.003977134265533746,1.1764341652959573,0.21053738633980792,-20.20551498756225,-0.13654767748831573
V,0.8898871230739327,-18.940209033297176,-18.27255995078534,0.6709160130144054,-0.1904719336675523,0.38400854786180005,0.5919263832337158,-22.424683100781237,0.4092508915556139,0.14788794762781637,-0.4810181743822351,-0.16328808405194556,-0.30232471936715266,0.3291810192542398,-0.35663828319435353,-0.9425572381667933,0.21053738633980792,1.524945006706967,-19.411060265874426,0.6579070457494584
W,-20.592422664211718,-17.616934860183864,-16.94928579323764,-19.29907361152662,-19.67527965894834,-20.827925980396763,-18.892881344530323,1.9038975774323792,-19.560738732283593,0.614232410883795,-20.574915644919272,-19.648095809390398,-19.7871324444265,-19.155626707452505,-19.841446008154787,-21.73898111847637,-20.20551498756225,-19.411060265874426,-17.3946389199959,-19.520047859983336
Y,0.5751569338142056,-19.049196627175444,-18.381547544080348,0.7698937004323168,0.3936876520190138,0.8504792411518509,1.2103778423616836,-22.53367069525485,0.5082285789472275,-0.12488219213634864,-0.5059483352399087,0.42087150163678133,0.2818348663111157,0.9133406049942377,0.22752130248020852,-1.670013809404298,-0.13654767748831573,0.6579070457494584,-19.520047859983336,0.5489194510126337
