,A,D,E,F,G,H,I,K,L,M,N,P,Q,R,S,T,V,W,Y
A,1.9197163635032861,0.44174695406168923,-1.5971635921653076,1.348616319464745,-0.24457387732979194,-0.7472291508656009,-0.13435526283564303,-0.6414251657303066,0.7279194272764427,-1.646329335849083,-0.9305839876988042,-20.569265698559963,-0.6809860475110985,-0.08627717024881358,0.22644380560542618,-0.08320679117170017,-1.7918353953451778,-0.0024634616962348603,-1.3058451403260174
D,0.44174695406168923,1.6752184562151953,-0.8350955792282416,-20.962830278275877,-0.8166539875657358,0.059819079412555265,-0.3542365839132215,-0.8471238454693644,-0.8269734769073624,-1.072571688489092,-0.00260164652199787,0.6435834464795441,-0.05561397343854911,-0.28450635081750253,0.29994131380052685,-0.037647876937539924,-1.5695780571619635,-0.39831259930376073,-1.1411915728336888
E,-1.5971635921653076,-0.8350955792282416,0.4044192932742126,-0.16920765545582211,0.12971886988742626,0.5075355946073871,0.056676682664676334,0.4358261941725929,-0.9278708360937493,0.3796422205424591,0.09799708369904411,-21.393942493225598,0.05456652316875797,-0.46830843458018784,-1.0211090338216993,-1.1596227140051558,0.13063146351931001,-0.14900290975953898,0.4701818227602483
F,1.348616319464745,-20.962830278275877,-0.16920765545582211,1.118411650161052,-0.16518810499966866,-19.53389735550721,-20.542487213291285,-1.7991935688845435,1.8855811448013173,-0.08580919096793896,-0.6808881284790076,-19.007710896391718,0.25071863404097927,0.14504619861930904,-20.92523734952275,-19.12161412523513,-1.1478127844720578,-19.497288679607294,0.9488568440266152
G,-0.24457387732979194,-0.8166539875657358,0.12971886988742626,-0.16518810499966866,0.6371082320998236,-0.28695255092940525,-0.20280577432237656,-0.1802120829127634,-0.20319046517288017,0.13712729799445386,-0.2573519517661042,-21.207601386096655,0.20630292847679257,0.12316076178889158,-0.38140906795878826,-0.2801344270325187,-0.3294392656977294,0.42953420449182844,0.3301759481556329
H,-0.7472291508656009,0.059819079412555265,0.5075355946073871,-19.53389735550721,-0.28695255092940525,-19.369221194671358,-0.029588043495728713,0.19930551827192994,-20.846169406376404,-0.10221312126449475,0.6103027774668075,1.1319566295652344,-0.7465145482279392,-0.5645049119502354,0.6278503562237386,-19.650085142334618,-0.06560442852612325,-20.025759697344576,-20.396599346364564
I,-0.13435526283564303,-0.3542365839132215,0.056676682664676334,-20.542487213291285,-0.20280577432237656,-0.029588043495728713,0.07046593169661046,0.3576401007728866,0.4404827569375507,0.1384651278513129,0.004350396804976049,-20.544771771034345,-0.6564921199626416,-0.278616568536111,0.2923852174926963,-0.31045199174026156,-0.1631900874299995,1.1156644671324378,-1.0836828379475483
K,-0.6414251657303066,-0.8471238454693644,0.4358261941725929,-1.7991935688845435,-0.1802120829127634,0.19930551827192994,0.3576401007728866,0.15430103417553806,-1.3308825903995427,0.3355894438532184,-0.05488032096838904,-21.232168940461186,0.11687577326161691,-0.2799669567656138,0.21802430597492753,-0.3047019813986594,-0.021168817719264266,0.23591419428108923,-0.17595425360249273
L,0.7279194272764427,-0.8269734769073624,-0.9278708360937493,1.8855811448013173,-0.20319046517288017,-20.846169406376404,0.4404827569375507,-1.3308825903995427,1.9278547549190788,-0.8565955474341138,-0.520541320266195,-20.31998294559854,-21.878538590594346,0.29205115258701286,-0.2730458174904599,-2.0296635747942418,-1.5692692833222555,0.24681929139303072,0.7709756941759656
M,-1.646329335849083,-1.072571688489092,0.3796422205424591,-0.08580919096793896,0.13712729799445386,-0.10221312126449475,0.1384651278513129,0.3355894438532184,-0.8565955474341138,0.27964459960306726,-0.08747020840219327,-1.3910064992664737,0.18168113191640978,-0.39083131559824513,-0.1692734864201718,-0.3830770696799645,0.3904746679713121,-0.36211299287936527,0.34230216698573274
N,-0.9305839876988042,-0.00260164652199787,0.09799708369904411,-0.6808881284790076,-0.2573519517661042,0.6103027774668075,0.004350396804976049,-0.05488032096838904,-0.520541320266195,-0.08747020840219327,1.0661086344056112,-21.21247578629563,-0.23364230030881886,-0.6315263150507094,-0.3516811251162767,0.5331516731250432,-0.5788250408122089,0.033434122365583185,-0.3389963922055131
P,-20.569265698559963,0.6435834464795441,-21.393942493225598,-19.007710896391718,-21.207601386096655,1.1319566295652344,-20.544771771034345,-21.232168940461186,-20.31998294559854,-1.3910064992664737,-21.21247578629563,3.928643341304399,-20.568551095922643,-21.48515374705639,-20.92752190726668,-19.123898682969607,1.9351179607199955,-19.499573237345313,-19.87041288593431
Q,-0.6809860475110985,-0.05561397343854911,0.05456652316875797,0.25071863404097927,0.20630292847679257,-0.7465145482279392,-0.6564921199626416,0.11687577326161691,-21.878538590594346,0.18168113191640978,-0.23364230030881886,-20.568551095922643,0.1371627100581448,0.22756846295513958,0.4521438694614618,0.35891586320083396,-0.8363731446783331,-0.0167586923988347,0.35339326419164874
R,-0.08627717024881358,-0.28450635081750253,-0.46830843458018784,0.14504619861930904,0.12316076178889158,-0.5645049119502354,-0.278616568536111,-0.2799669567656138,0.29205115258701286,-0.39083131559824513,-0.6315263150507094,-21.48515374705639,0.22756846295513958,0.779814220678083,0.253784354572129,0.94639060820209,-0.8276085362448311,-0.5278962359381157,0.21855278262866593
S,0.22644380560542618,0.29994131380052685,-1.0211090338216993,-20.92523734952275,-0.38140906795878826,0.6278503562237386,0.2923852174926963,0.21802430597492753,-0.2730458174904599,-0.1692734864201718,-0.3516811251162767,-20.92752190726668,0.4521438694614618,0.253784354572129,0.7628324094846792,0.4054101596845498,-22.49831461293746,-0.3607196705389204,-0.7598382542652872
T,-0.08320679117170017,-0.037647876937539924,-1.1596227140051558,-19.12161412523513,-0.2801344270325187,-19.650085142334618,-0.31045199174026156,-0.3047019813986594,-2.0296635747942418,-0.3830770696799645,0.5331516731250432,-19.123898682969607,0.35891586320083396,0.94639060820209,0.4054101596845498,-18.54465473573574,-20.69469138536525,-19.613476466421268,0.3639068934836749
V,-1.7918353953451778,-1.5695780571619635,0.13063146351931001,-1.1478127844720578,-0.3294392656977294,-0.06560442852612325,-0.1631900874299995,-0.021168817719264266,-1.5692692833222555,0.3904746679713121,-0.5788250408122089,1.9351179607199955,-0.8363731446783331,-0.8276085362448311,-22.49831461293746,-20.69469138536525,1.954083137168538,-21.070365940968887,-1.3173675978212016
W,-0.0024634616962348603,-0.39831259930376073,-0.14900290975953898,-19.497288679607294,0.42953420449182844,-20.025759697344576,1.1156644671324378,0.23591419428108923,0.24681929139303072,-0.36211299287936527,0.033434122365583185,-19.499573237345313,-0.0167586923988347,-0.5278962359381157,-0.3607196705389204,-19.613476466421268,-21.070365940968887,1.7453663455189976,-20.359990670393852
Y,-1.3058451403260174,-1.1411915728336888,0.4701818227602483,0.9488568440266152,0.3301759481556329,-20.396599346364564,-1.0836828379475483,-0.17595425360249273,0.7709756941759656,0.34230216698573274,-0.3389963922055131,-19.87041288593431,0.35339326419164874,0.21855278262866593,-0.7598382542652872,0.3639068934836749,-1.3173675978212016,-20.359990670393852,0.4916199600490407
