,A,C,D,E,F,G,H,I,K,L,M,N,P,Q,R,S,T,V,W,Y
A,1.847293894379959,-0.7071663973374613,-0.6982118750457601,0.028091102099797018,-0.11046975282749406,-0.33536858545175596,-1.18916008347177,0.032859569714636244,-0.16939285923270658,-0.03478384252225959,-0.07559544995673534,-0.9882470948926376,-0.13313121097867714,-1.135256474165365,-0.44999932305906964,-0.3330742656992521,-0.38279720815967727,0.12817005968470882,-0.43737458521602135,-0.763390767038855
C,-0.7071663973374613,2.438077574821186,-2.1603551493092628,-1.4003975127952528,0.8792743333888202,0.2195323372286139,1.1137457471535963,-1.7220783208452093,-0.2831695217372564,0.20443243966949368,-0.5258614332293191,0.2709540633156555,-0.4296337733746282,-18.408896848607924,0.6744802182357654,-1.7046971912590603,0.4130129730320219,0.1443680339646206,0.7640834241070125,-0.24995102238793107
D,-0.6982118750457601,-2.1603551493092628,1.7610012394973125,0.10412587384507006,-0.3798656198469037,-0.16143688909704385,-0.3858973649278898,-0.43470467118815415,-0.1369994815538933,-0.5532923195835636,-1.5936761861638011,-0.1701954906481784,-0.3863668533206672,-1.443502626336648,-0.917173929012686,-0.841257428803667,-0.9957590560331514,-0.8507419756458566,0.1922369856691257,0.10164876097023968
E,0.028091102099797018,-1.4003975127952528,0.10412587384507006,1.5457597217062329,-0.300277217348074,0.09224910233120734,-0.754978035429097,0.1325964465873949,0.31856574899686735,0.028090505130937863,0.16068597261847184,-0.665089318639783,0.04720547669730498,0.4431421762485398,-0.6396227370686297,-0.5293021194177063,-0.7756383605370417,0.07372565314227957,0.4442778237073085,-0.29667078379639367
F,-0.11046975282749406,0.8792743333888202,-0.3798656198469037,-0.300277217348074,1.9026114660159248,0.04861648660780339,0.23075503535151595,-0.25307771883304764,-0.49812554836967604,0.23303955875012272,-0.8872820793624826,-0.31633407142931774,0.05405939219926658,-1.6253681971410188,-0.5530970134989366,-0.46703498170703955,-0.3952894601294245,0.2992894169965196,-2.569042096980768,-0.43992640226710406
G,-0.33536858545175596,0.2195323372286139,-0.16143688909704385,0.09224910233120734,0.04861648660780339,1.3528653090114535,-0.5474643165017459,-0.22689960484572225,0.08591731076341844,-0.3686095905202506,-0.10545597118250873,-0.7711576074423475,-0.22437624123153754,-0.6658737191517299,-0.17524006806171671,-0.5680257275036351,-0.5458836740027689,-0.26397974715211037,0.23014835524207802,-0.49601874876185265
H,-1.18916008347177,1.1137457471535963,-0.3858973649278898,-0.754978035429097,0.23075503535151595,-0.5474643165017459,1.7539390982206757,-0.2670775496797791,-0.5819717214623038,0.4215149262245528,-0.8458738735177914,0.8563218542136882,-0.050690933963591686,-0.5936231997931032,-0.32127538154757,0.10211987017905234,-0.4953677373970011,-0.7425348158147488,-0.6115473444183894,0.22616904906394691
I,0.032859569714636244,-1.7220783208452093,-0.43470467118815415,0.1325964465873949,-0.25307771883304764,-0.22689960484572225,-0.2670775496797791,1.783213134513535,0.13880141252027084,0.021392721972855213,-0.023901046701016993,-0.282450921575252,-0.054298140902021584,-0.12794956064335383,0.09131757458957532,-0.06515095900359504,-0.4653083703584714,-0.46634421466370046,-0.581492846259337,-0.17141678225954676
K,-0.16939285923270658,-0.2831695217372564,-0.1369994815538933,0.31856574899686735,-0.49812554836967604,0.08591731076341844,-0.5819717214623038,0.13880141252027084,1.7668049876889924,-0.13584722516829043,-0.5301324486740956,-0.07851118522579235,-0.10072015839998673,0.5339077062474448,0.18019104689841053,0.02127107687223085,-0.4722847055784992,-0.8366605938549138,-1.036947009024712,-0.6639324935258373
L,-0.03478384252225959,0.20443243966949368,-0.5532923195835636,0.028090505130937863,0.23303955875012272,-0.3686095905202506,0.4215149262245528,0.021392721972855213,-0.13584722516829043,1.293710094730412,0.3067616700948943,-0.660725848391346,0.04314299419962127,0.19505899045067365,-0.1965077025655851,-0.2066686746551375,-0.5962433034140977,0.15311365066466798,-0.031808403491529275,-0.7270142726375577
M,-0.07559544995673534,-0.5258614332293191,-1.5936761861638011,0.16068597261847184,-0.8872820793624826,-0.10545597118250873,-0.8458738735177914,-0.023901046701016993,-0.5301324486740956,0.3067616700948943,2.7241914072653497,-2.207946389767123,-0.2739314055841192,-1.4262690166250507,-0.12790813878736584,-0.5637431763372782,-0.6219290567095226,0.054161560368826356,-0.7512917539460326,-1.393421130722134
N,-0.9882470948926376,0.2709540633156555,-0.1701954906481784,-0.665089318639783,-0.31633407142931774,-0.7711576074423475,0.8563218542136882,-0.282450921575252,-0.07851118522579235,-0.660725848391346,-2.207946389767123,1.6776278530857323,-0.5458585047119121,-0.9196404536798234,-0.6729145990890875,-0.7245711549383127,-1.2548994291403381,-1.932425043432631,-0.0949422152193874,-0.1606808268762849
P,-0.13313121097867714,-0.4296337733746282,-0.3863668533206672,0.04720547669730498,0.05405939219926658,-0.22437624123153754,-0.050690933963591686,-0.054298140902021584,-0.10072015839998673,0.04314299419962127,-0.2739314055841192,-0.5458585047119121,1.3621454356615161,0.021616245554476308,-0.20251944715334916,0.015691503667213325,-0.22884132962359657,-0.2205713576329152,0.17742328175906988,-0.3078070534260727
Q,-1.135256474165365,-18.408896848607924,-1.443502626336648,0.4431421762485398,-1.6253681971410188,-0.6658737191517299,-0.5936231997931032,-0.12794956064335383,0.5339077062474448,0.19505899045067365,-1.4262690166250507,-0.9196404536798234,0.021616245554476308,3.0517483941205983,0.0029174071964405677,-1.0792103084836515,-1.521682565835116,-0.821653954340028,-0.8573043244541982,-0.9456273541467974
R,-0.44999932305906964,0.6744802182357654,-0.917173929012686,-0.6396227370686297,-0.5530970134989366,-0.17524006806171671,-0.32127538154757,0.09131757458957532,0.18019104689841053,-0.1965077025655851,-0.12790813878736584,-0.6729145990890875,-0.20251944715334916,0.0029174071964405677,1.568790538601559,-0.5767172990655728,-0.39287069789358664,-1.0607322880925911,-0.12790253276236435,-0.599344396973742
S,-0.3330742656992521,-1.7046971912590603,-0.841257428803667,-0.5293021194177063,-0.46703498170703955,-0.5680257275036351,0.10211987017905234,-0.06515095900359504,0.02127107687223085,-0.2066686746551375,-0.5637431763372782,-0.7245711549383127,0.015691503667213325,-1.0792103084836515,-0.5767172990655728,1.41895817427364,-0.4367455576191954,-0.7939241261023731,0.19764892382218485,-0.9359313160008301
T,-0.38279720815967727,0.4130129730320219,-0.9957590560331514,-0.7756383605370417,-0.3952894601294245,-0.5458836740027689,-0.4953677373970011,-0.4653083703584714,-0.4722847055784992,-0.5962433034140977,-0.6219290567095226,-1.2548994291403381,-0.22884132962359657,-1.521682565835116,-0.39287069789358664,-0.4367455576191954,1.9639201485508748,-0.7682814586998273,0.6335418302618622,-0.6360148960260074
V,0.12817005968470882,0.1443680339646206,-0.8507419756458566,0.07372565314227957,0.2992894169965196,-0.26397974715211037,-0.7425348158147488,-0.46634421466370046,-0.8366605938549138,0.15311365066466798,0.054161560368826356,-1.932425043432631,-0.2205713576329152,-0.821653954340028,-1.0607322880925911,-0.7939241261023731,-0.7682814586998273,1.5563493750235813,-1.5013712093088254,-0.8666081533971953
W,-0.43737458521602135,0.7640834241070125,0.1922369856691257,0.4442778237073085,-2.569042096980768,0.23014835524207802,-0.6115473444183894,-0.581492846259337,-1.036947009024712,-0.031808403491529275,-0.7512917539460326,-0.0949422152193874,0.17742328175906988,-0.8573043244541982,-0.12790253276236435,0.19764892382218485,0.6335418302618622,-1.5013712093088254,1.4379958494701144,0.34570415054829395
Y,-0.763390767038855,-0.24995102238793107,0.10164876097023968,-0.29667078379639367,-0.43992640226710406,-0.49601874876185265,0.22616904906394691,-0.17141678225954676,-0.6639324935258373,-0.7270142726375577,-1.393421130722134,-0.1606808268762849,-0.3078070534260727,-0.9456273541467974,-0.599344396973742,-0.9359313160008301,-0.6360148960260074,-0.8666081533971953,0.34570415054829395,2.14916124593292
